326386
262954
198446
134912
71038
8004
943985
973573
910751
845967
783265
718497
655771
592890
528147
463066
399986
334687
271443
209059
147146
85154
21044
957861
892572
828043
763298
699958
634722
570703
506226
442245
379801
316763
252015
235988
173606
110447
48605
986385
921951
858848
795687
733132
667696
605453
540852
478029
415660
351322
285641
220517
155942
101997
39082
973546
909197
844092
779045
713650
648943
585299
523184
457868
394748
330680
267911
251597
187032
122287
57894
992418
929429
867425
804328
741645
676992
612369
549727
485886
423490
359163
294055
232017
168960
104736
43349
978391
914440
850701
786413
724065
660744
596482
532343
468762
406772
342341
278177
218305
